1 0.000002
2 0.000001
3 0.000001
4 0.000001
5 0.000001
6 0.000001
7 0.000001
8 0.000001
9 0.000001
10 0.000002
11 0.000002
12 0.000001
13 0.000001
14 0.000001
15 0.000001
16 0.000002
17 0.000005
18 0.000003
19 0.000003
20 0.000002
21 0.000001
22 0.000001
23 0.000001
24 0.000002
25 0.000001
26 0.000001
27 0.000002
28 0.000001
29 0.000002
30 0.000003
31 0.000002
32 0.000002
33 0.000002
34 0.000002
35 0.000001
36 0.000002
1 0.000002
2 0.000001
3 0.000001
4 0.000001
5 0.000001
6 0.000001
7 0.000001
8 0.000001
9 0.000001
10 0.000005
11 0.000002
12 0.000001
13 0.000001
14 0.000001
15 0.000001
16 0.000001
17 0.000001
18 0.000011
19 0.000001
20 0.000002
21 0.000002
22 0.000001
23 0.000002
24 0.000002
25 0.000001
26 0.000001
27 0.000001
28 0.000002
29 0.000001
30 0.000001
31 0.000001
32 0.000001
33 0.000001
34 0.000002
35 0.000001
36 0.000002
37 0.000001
1 0.000002
2 0.000001
3 0.000002
4 0.000001
5 0.000001
6 0.000001
7 0.000001
8 0.000001
9 0.000001
10 0.000002
11 0.000001
12 0.000001
13 0.000001
14 0.000001
15 0.000001
16 0.000002
17 0.000001
18 0.000001
19 0.000001
20 0.000002
21 0.000001
22 0.000001
23 0.000001
24 0.000001
25 0.000001
26 0.000001
27 0.000001
28 0.000002
29 0.000001
30 0.000001
31 0.000002
32 0.000001
33 0.000004
34 0.000002
35 0.000001
36 0.000001
37 0.000002
38 0.000001
